50|98765
51|5432109|ALICE SILVA|98765432100||15051990|1|1|BRA|||0||||||||||6|1|0|4|0|0||0|1|0|0|0|0|0|0|
52|8765432
51|8765432|BOB JOHNSON|12345678900||22021985|1|1|BRA|||0||||||||||5|1|0|4|0|0||0|1|0|0|0|0|0|0|
52|5432109
51|2468024|CHARLIE BROWN|56789012300||01071970|1|1|BRA|||0||||||||||5|1|1|4|0|0||0|1|0|0|0|0|0|0|
52|9876543
51|1357913|DIANA SMITH|09876543210||10121980|1|1|BRA|||0||||||||||4|4||||||||||||||
51|1472583|EVA GARCIA|45678901200||28091995|1|1|BRA|||0||||||||||5|1|1|4|0|0||0|1|0|0|0|0|0|0|
52|5432109
51|1593571|FRANK MILLER|78901234500||03041965|1|1|BRA|||0||||||||||5|1|1|4|0|0||0|1|0|0|0|0|0|0|
52|9876543
51|1617181|GRACE DAVIS|21098765400||18111978|1|1|BRA|||0||||||||||5|1|1|4|0|0||0|1|0|0|0|0|0|0|
52|5432109
51|1738191|HENRY WILSON|65432109800||09061992|1|1|BRA|||0||||||||||5|1|1|4|0|0||0|1|0|0|0|0|0|0|
52|8765432
51|1859201|ISABELLA TAYLOR|90123456700||21031987|1|1|BRA|||0||||||||||6|1|1|4|0|0||0|1|0|0|0|0|0|0|
52|5432109
51|1970211|JACK ANDERSON|34567890100||14081982|1|1|BRA|||0||||||||||5|1|1|4|0|0||0|1|0|0|0|0|0|0|
52|8765432
51|2081221|KATE THOMAS|78901234500||29011991|1|1|BRA|||0||||||||||6|1|1|2|0|0||0|1|0|0|0|0|0|1|
52|5432109
51|2192231|LIAM MOORE|01234567800||07091976|1|1|BRA|||0||||||||||6|1|0|4|0|0||0|1|0|0|0|0|0|0|
52|8765432
51|2303241|MIA JACKSON|45678901200||19021989|1|1|BRA|||0||||||||||4|1|0|4|0|0||0|1|0|0|0|0|0|0|
52|5432109
51|2414251|NOAH MARTIN|78901234500||12041971|1|1|BRA|||0||||||||||5|1|1|4|0|0||0|1|0|0|0|0|0|0|
52|5432109
51|2525261|OLIVIA WHITE|23456789000||02111993|3|1|BRA|||0||||||||||4|1|1|4|0|0||0|1|0|0|0|0|0|0|
52|8765432
51|2636271|ETHAN CLARK|56789012300||27061986|1|1|BRA|||0||||||||||5|1|1|4|0|0||0|1|0|0|0|0|0|0|
52|8765432
51|2747281|AVA LEWIS|89012345600||10081980|1|1|BRA|||0||||||||||5|1|1|4|0|0||0|1|0|0|0|0|0|0|
52|5432109
51|2858291|WILLIAM LEE|12378945600||03011983|1|1|BRA|||0||||||||||5|1|1|4|0|0||0|1|0|0|0|0|0|0|
52|8765432
51|2969301|MIA ALLEN|98712365400||16091998|1|1|BRA|||0||||||||||5|1|1|4|0|0||0|1|0|0|0|0|0|0|
52|5432109
52|5432110
52|5432101
52|5432111
52|5432112
51|2858291|WILLIAM HENRIQUE|96853269800||03011123|1|1|BRA|||0||||||||||5|1|1|4|0|0||0|1|0|0|0|0|0|0|
52|8765333